testvec <- 1:16
